-12.82046769976293
-50.33633513165995
-12.79801917829342
-50.35805493548175
-12.82046769976293
-50.33633513165995
-12.79130585075593
-50.33212278711491
-12.82046769976293
-50.33633513165995
-12.82363960102787
-50.35569123536121
-12.82046769976293
-50.33633513165995
-12.82363960102787
-50.35569123536121
-12.82363960102787
-50.35569123536121
-12.79130585075593
-50.33212278711491
-12.82046769976293
-50.33633513165995
-12.82363960102787
-50.35569123536121
-12.82363960102787
-50.35569123536121
-12.79130585075593
-50.33212278711491
-12.82046769976293
-50.33633513165995
-12.79401909100447
-50.33007635556325
-12.82046769976293
-50.33633513165995
-12.82363960102787
-50.35569123536121
-12.82046769976293
-50.33633513165995
-12.82363960102787
-50.35569123536121
-12.82046769976293
-50.33633513165995
-12.79130585075593
-50.33212278711491
85
-12.79130585075593
-50.33212278711491
-12.82046769976293
-50.33633513165995
